750
995 894 
64 937 
730 
324 291 
859 
564 403 
722 
945 603 
190 984 
445 664 
586 126 
56 
398 466 
506 
334 
207 119 
176 
979 568 
363 204 
122 
141 
427 587 
276 
42 
104 673 
317 
691 
75 
734 
649 
441 
54 371 
417 147 
112 
694 
854 
379 
980 589 
180 438 
750 414 
558 182 
493 
959 
569 
985 720 
646 
999 84 
194 
97 191 
898 102 
784 
496 53 
512 175 
843 
548 269 
780 
164 
152 158 
220 
602 
505 
63 
948 
346 
592 
14 
43 
253 542 
828 157 
783 846 
626 
892 659 
752 51 
749 501 
418 162 
221 774 
598 573 
699 940 
971 
902 399 
210 
477 
600 910 
33 
636 331 
333 
395 384 
883 234 
631 834 
268 
420 
575 
431 
556 
989 
205 
766 
884 700 
282 
683 224 
449 484 
798 413 
17 
79 580 
316 
621 
678 
747 
668 248 
192 
642 
578 622 
121 
476 373 
135 
16 
531 
904 131 
326 
941 529 
655 
374 
82 419 
764 
696 637 
741 
611 
230 
306 264 
713 
185 57 
77 
806 214 
538 
647 
639 
74 
86 368 
295 388 
785 
901 215 
209 
634 511 
308 
968 618 
237 85 
916 350 
897 545 
448 
107 
340 
778 
332 
523 68 
354 
983 
966 
136 
909 128 
788 138 
974 744 
45 
117 478 
351 
258 
491 
976 
690 
325 
635 30 
738 
630 206 
938 
110 
293 
310 632 
782 383 
239 
498 26 
322 474 
315 
432 218 
378 
685 695 
397 
235 
519 
874 
552 583 
772 
961 487 
652 
955 
698 428 
628 927 
762 930 
829 
731 577 
604 
742 
527 161 
515 
184 
69 781 
377 
540 
842 
790 
440 
412 
425 
633 66 
510 257 
868 838 
246 624 
608 973 
46 96 
140 
62 
0 535 
869 
222 
514 
767 
37 271 
312 
357 
787 
658 
667 
733 
946 376 
323 
914 
1 
298 
807 
574 
337 355 
815 
132 
356 
933 
848 
174 
280 990 
607 566 
170 
486 
682 
727 
824 55 
773 160 
791 
342 
676 710 
29 
680 
473 
895 
928 817 
925 
717 155 
758 327 
672 
809 
380 
233 
893 
343 885 
819 
759 173 
851 
116 697 
274 
692 
303 
702 
453 
240 
934 825 
882 61 
918 943 
390 988 
981 238 
319 
446 
406 
666 76 
520 
823 
335 789 
186 
908 
492 163 
536 
309 
283 
660 256 
71 401 
850 
601 681 
465 853 
396 
811 
2 590 
871 481 
793 44 
489 
911 198 
596 
171 95 
839 
178 
279 
656 
213 
143 47 
229 
212 
818 226 
172 407 
917 
591 
724 
827 
804 
299 
997 
290 919 
100 
826 
24 
816 359 
876 760 
39 
786 
565 
278 
922 
177 
560 
385 711 
769 965 
193 
776 
671 
328 
7 
949 517 
59 129 
715 879 
935 
709 375 
748 
526 
579 967 
605 
464 993 
483 
958 168 
338 469 
822 
975 
920 231 
563 146 
597 
284 
366 151 
852 
878 
599 93 
58 957 
849 
693 
863 
255 
267 
439 
460 
875 
582 288 
812 
225 
393 
865 
669 
687 
684 547 
250 18 
142 
430 
754 
753 581 
223 99 
593 
232 
400 
123 459 
821 
640 
719 
189 
124 595 
810 494 
585 737 
533 
65 609 
272 
987 
503 873 
657 903 
442 
266 382 
245 
25 
261 
996 15 
199 236 
421 
156 534 
931 
73 
743 
6 471 
369 
953 94 
347 
857 252 
202 
358 
365 165 
921 
203 
886 
708 
273 353 
978 
844 
866 482 
936 
896 
872 881 
352 
584 
436 
528 619 
627 
285 244 
120 
495 67 
906 
500 
159 
610 
311 
227 133 
405 345 
111 
570 
951 
705 763 
60 
651 840 
718 
434 443 
391 
336 115 
208 
36 169 
40 454 
831 
833 686 
490 837 
38 
736 
820 
502 
707 
858 259 
571 458 
835 150 
525 330 
616 
944 
805 794 
926 
643 960 
23 
663 
870 
970 
650 
554 
888 
662 410 
516 
265 
70 
456 
435 
841 12 
677 
947 437 
48 
688 
134 572 
613 
41 
251 
912 386 
612 670 
712 
845 
952 726 
998 
167 
689 891 
860 
21 
321 8 
915 518 
467 
228 
281 
450 
81 
462 
9 
509 
297 52 
92 
80 31 
361 
770 653 
532 
499 
507 
389 
3 
188 307 
362 
986 
614 
862 625 
880 
4 
963 
35 
675 304 
463 
905 
801 424 
504 
166 
296 
479 
594 
830 
641 
992 
562 991 
452 615 
544 701 
292 
648 
429 
455 415 
90 
530 
32 977 
300 
89 
305 
923 
932 513 
426 243 
900 
144 703 
49 137 
360 
411 
148 
777 
541 
106 
644 
907 
103 
98 
956 674 
808 105 
153 813 
768 
145 
247 
302 
367 
792 
72 91 
832 553 
803 
485 
13 
606 
287 
549 
982 522 
423 
756 
899 
313 
402 447 
349 
856 800 
755 
318 249 
480 
348 
551 
11 
855 
270 751 
765 392 
716 444 
34 
433 
729 
746 
913 
320 
409 470 
364 
457 
679 
130 242 
139 
451 
745 
757 
629 
887 
559 
620 114 
394 721 
864 
537 339 
539 
508 
714 461 
950 
889 
924 
196 
254 
277 
728 
942 
381 
87 
561 
275 
972 
422 10 
939 
5 
468 
216 
370 
200 20 
739 
286 
78 
964 
404 
546 
149 
645 
588 
704 
329 
241 
50 
195 118 
555 
22 
775 
735 183 
795 344 
836 
706 
638 
28 
181 
211 
101 740 
847 617 
263 475 
497 
524 929 
113 
867 
796 108 
341 661 
262 543 
969 
19 
799 
557 
665 27 
994 
301 
488 
83 
197 
654 
109 
372 88 
761 
567 
814 289 
576 
623 
294 
179 
732 
877 
260 
219 
201 
725 
472 
125 
387 
954 
314 
127 
861 408 
187 
550 
217 
154 
962 
802 
723 
890 
797 521 
779 
416 
771 
