750
995 894 
779 
23 
567 
596 
198 53 
784 
460 
35 
645 
652 
5 
105 97 
8 363 
311 
624 117 
793 84 
203 
21 
133 64 
345 564 
482 902 
936 
814 558 
551 
817 399 
513 185 
423 
756 
344 603 
153 980 
556 
923 
323 
15 161 
960 221 
619 54 
962 
552 246 
887 
126 253 
832 68 
165 398 
367 
873 587 
836 
225 
155 696 
758 257 
48 
424 419 
707 
858 190 
200 224 
824 484 
454 699 
10 512 
156 403 
51 598 
401 892 
637 180 
283 
732 
657 750 
289 496 
204 578 
459 630 
157 916 
393 
937 104 
638 
120 
28 
533 
728 
44 324 
281 
409 306 
320 
102 466 
803 
392 175 
287 
211 
38 
735 69 
643 586 
969 
108 985 
103 
286 
388 191 
72 207 
125 
951 
742 
406 
231 773 
970 
575 
802 
835 445 
90 
314 
744 335 
982 635 
789 666 
481 295 
473 
364 
61 264 
206 427 
238 683 
697 152 
106 
644 
309 
536 
34 
26 600 
673 659 
136 
169 395 
40 974 
91 788 
217 
47 237 
22 
775 
441 
371 418 
262 749 
457 
868 66 
154 
483 
109 
820 
795 798 
338 498 
168 322 
597 
740 910 
770 945 
532 
227 57 
408 119 
334 
861 660 
461 71 
899 
487 449 
726 310 
903 676 
9 
434 417 
569 
94 928 
139 
653 523 
210 
245 
148 
410 752 
144 816 
49 589 
327 143 
715 116 
684 59 
926 
617 568 
747 
668 999 
729 
746 
137 158 
141 
994 
27 968 
343 85 
469 527 
385 884 
199 58 
428 901 
927 628 
3 
576 
0 782 
62 
4 
167 
799 
453 
129 337 
950 
397 
623 
845 
114 492 
908 
151 898 
372 940 
70 
275 
850 
800 883 
73 
808 510 
115 634 
475 783 
807 
544 248 
574 
508 
967 542 
993 633 
855 
25 
602 
93 384 
50 
195 904 
986 
55 280 
339 476 
99 215 
550 
376 82 
182 941 
247 
255 
695 762 
670 810 
300 
827 
737 432 
706 
896 
19 
391 
443 218 
705 291 
797 548 
825 759 
529 375 
595 631 
553 685 
724 
201 
572 717 
841 979 
435 
268 
677 
228 
467 
915 700 
601 86 
74 
100 
196 
436 
413 781 
279 
178 
839 
95 909 
852 
89 
446 
490 579 
534 128 
929 731 
67 405 
285 897 
627 
723 
499 
609 834 
272 
987 
236 65 
83 
162 390 
438 269 
12 96 
131 36 
138 946 
387 
332 
416 
414 709 
202 
562 911 
150 965 
458 37 
525 996 
101 632 
321 545 
214 76 
92 
31 250 
13 
606 
543 871 
629 
517 350 
588 
846 290 
415 163 
297 753 
325 
118 636 
29 
769 30 
719 
440 
7 
614 
176 
80 226 
470 172 
411 
503 930 
582 465 
270 961 
271 618 
265 
394 607 
620 662 
404 
370 
159 
308 
358 
233 
455 918 
774 622 
712 
188 608 
615 46 
701 2 
81 
450 
243 79 
681 711 
833 160 
468 
502 
796 566 
957 763 
500 
906 
765 828 
648 
509 
557 
573 806 
956 123 
745 
451 
590 130 
577 331 
604 
480 
663 
870 
885 599 
254 
710 580 
333 
612 535 
997 
998 
988 359 
386 876 
504 
329 
347 
907 
725 
472 
88 223 
718 
840 698 
302 
505 
63 
872 171 
730 
736 
316 
889 
288 518 
219 
278 
124 953 
494 818 
585 407 
216 
183 495 
127 
422 366 
972 
241 
266 234 
912 478 
11 
511 934 
299 
1 
189 
373 501 
528 146 
743 
471 6 
145 
768 
184 
755 
616 
971 
230 
497 
524 464 
113 
242 447 
516 
522 664 
984 857 
348 
611 
977 943 
741 
16 
135 
208 
474 882 
862 353 
913 
400 
149 
546 
181 
43 
166 
805 437 
656 
197 
654 
549 
583 355 
815 
964 
605 
867 
328 
571 336 
837 661 
921 
485 
251 
256 794 
229 
134 958 
813 563 
439 
32 382 
530 
170 
421 
305 
488 
301 
273 920 
787 
330 720 
209 
777 
812 
20 990 
111 
716 173 
851 
18 838 
830 
594 
919 932 
252 651 
75 
383 521 
318 365 
625 444 
539 
258 
688 
147 244 
112 
240 
456 
526 
939 
249 52 
78 
811 
721 981 
804 
402 689 
313 
531 
559 
477 
140 
98 
41 
433 
77 
205 
479 
761 
352 
760 801 
396 
277 
361 
778 
340 
284 
581 853 
368 547 
687 
187 
267 
692 
282 
303 
261 
924 
650 
110 
293 
489 
259 952 
665 866 
658 
177 
312 
655 
821 
260 
767 
520 
610 
294 
179 
905 
463 
304 991 
954 
346 
377 
540 
555 
592 
842 
613 
727 
341 751 
935 
554 
560 
771 
448 
682 
263 879 
369 
296 
722 
978 
213 
641 
947 714 
776 
671 
24 
493 
826 
307 675 
880 
922 
881 973 
786 
349 
856 686 
831 
646 
766 
874 
669 
865 
45 
235 
519 
379 
849 
679 
819 
239 
442 
561 
87 
56 
412 
584 
565 
192 
792 
342 
360 
362 
425 
194 
462 
174 
704 
829 
878 
298 
754 
430 
507 
232 
389 
691 
317 
486 
690 
220 
121 
785 
122 
538 
640 
703 452 
877 
17 
992 
356 
933 
39 
649 
734 
60 
354 
931 
274 
426 949 
132 
429 
326 
757 
164 
515 
959 
713 
822 
142 
890 
381 
848 
847 891 
963 
680 
642 
917 
591 
895 
420 
886 
708 
374 
672 
809 
626 
893 
491 
107 
351 
694 
925 
938 
942 
541 
823 
844 
738 
975 
315 
966 
702 
888 
843 
875 
193 
944 
222 
514 
869 
864 
378 
667 
733 
772 
859 
739 
319 
976 
790 
14 
431 
674 537 
780 
860 
955 
764 
570 
900 
292 
621 
678 
693 
863 
593 
212 
983 
791 
380 
186 
276 
42 
914 
854 
647 
639 
357 
989 
948 
748 
506 
33 
