750
969 
436 
619 413 
196 
410 834 
148 
245 
210 
406 
231 564 
341 636 
281 
228 
87 
561 
118 586 
9 
509 
557 
799 
453 
3 
428 291 
199 88 
211 
905 
463 
91 579 
40 835 
169 273 
208 
38 
735 185 
817 269 
51 868 
457 
66 417 
197 
60 
840 237 
113 
287 
153 846 
344 558 
543 750 
629 
109 
820 
795 69 
394 338 
620 168 
896 
480 
951 
742 
452 399 
8 545 
510 64 
830 
502 
623 
397 
950 
129 492 
908 
151 427 
31 587 
285 264 
67 58 
929 137 
866 630 
658 
145 
768 
993 726 
225 
155 76 
758 321 
96 214 
367 
873 973 
28 
97 95 
837 872 
721 816 
760 717 
372 337 
992 
991 617 
889 
120 
638 
937 600 
405 495 
757 
494 152 
923 
323 
555 
22 
775 
441 
894 54 
655 
5 
434 133 
569 
645 
35 
383 84 
462 
81 
450 
415 335 
470 753 
995 375 
779 
23 
567 
596 
171 401 
48 
906 
500 
647 
7 
963 
4 
314 
90 
525 660 
422 101 
438 403 
162 253 
648 
292 
544 940 
286 
388 156 
103 
439 
348 
611 
741 
765 696 
514 
222 
869 
355 324 
815 
964 
605 
433 
41 
890 
414 568 
381 
848 
92 
688 
715 418 
143 697 
212 
624 207 
461 603 
339 637 
511 99 
704 
174 
121 
373 578 
585 858 
707 
257 131 
761 
352 
676 363 
243 409 
320 
102 670 
680 
881 999 
922 
729 
116 984 
533 
275 
915 26 
474 635 
628 770 
34 
536 
309 
644 
106 
746 
469 158 
52 385 
247 
255 
695 471 
227 862 
711 465 
809 
921 
11 
298 
216 
183 160 
468 
956 740 
573 117 
484 221 
224 699 
150 857 
202 
252 248 
855 
25 
602 
119 762 
203 
793 53 
80 180 
198 398 
416 
332 
778 
277 
361 
93 892 
878 
829 
42 
673 104 
44 916 
481 188 
789 432 
982 710 
744 701 
138 566 
387 
430 
507 
609 395 
272 
301 
459 783 
204 68 
78 
442 
29 
769 86 
719 
440 
19 
446 
89 
852 
482 306 
936 
814 49 
643 806 
654 
865 
669 
974 683 
45 
794 788 
105 990 
423 
756 
146 524 
242 920 
739 
487 200 
850 
716 622 
392 46 
455 608 
283 
732 
504 
166 
942 
541 
226 601 
172 598 
182 445 
82 885 
374 
61 419 
364 
179 
195 165 
50 
912 190 
800 234 
59 853 
490 476 
305 
356 
933 
583 685 
71 496 
838 290 
997 
864 
359 548 
125 
24 
260 
767 
867 
520 
382 246 
530 
123 941 
977 700 
365 173 
358 
550 
139 
653 130 
572 331 
201 
724 
887 
126 288 
803 
485 
745 
451 
590 773 
193 
965 85 
350 553 
588 
280 466 
986 
55 295 
353 615 
913 
107 
497 
571 343 
328 
671 
776 
315 
581 128 
478 266 
217 
147 618 
112 
132 
20 919 
111 
774 191 
83 
860 
891 18 
437 37 
927 904 
930 749 
972 
114 552 
801 689 
347 
893 
626 
77 
6 659 
743 
532 
499 
723 
627 
849 
27 223 
256 32 
313 
402 330 
238 36 
319 
376 390 
706 
737 782 
827 
475 731 
115 945 
899 
239 
458 215 
634 996 
136 
639 
74 
368 528 
304 856 
349 
479 
559 
477 
62 
0 535 
576 
560 
771 
818 883 
888 
702 
187 
781 589 
377 
161 666 
954 
346 
540 
592 
249 763 
931 
73 
796 808 
957 898 
279 
178 
903 79 
154 
483 
824 946 
797 454 
939 
526 
10 709 
725 
472 
302 
505 
63 
262 529 
759 661 
424 336 
43 
14 
206 828 
13 
606 
230 
159 
370 
108 542 
947 271 
677 
841 144 
962 
802 
831 
833 686 
539 
625 310 
318 752 
584 
236 501 
15 175 
811 
289 720 
874 
460 
823 
265 
70 
456 
294 
517 980 
554 
219 
924 
522 65 
464 901 
675 798 
57 449 
316 
736 
488 
244 632 
614 
176 
949 527 
189 
124 934 
895 
12 928 
340 
859 
393 
300 
754 
926 
408 960 
805 582 
508 
574 
807 
839 
98 
140 
664 985 
251 
813 386 
134 612 
712 
431 
549 
575 
970 
650 
667 
218 909 
241 
327 668 
678 
747 
213 
546 
149 
209 
777 
812 
880 
521 968 
730 
181 
254 
728 
925 
333 
296 
329 
491 
513 705 
591 
832 979 
698 384 
662 366 
607 981 
205 
516 
47 681 
682 
396 
235 
519 
232 
863 
538 
443 633 
391 
556 
268 
435 
900 
141 
994 
918 518 
233 
718 
371 580 
259 897 
30 657 
325 
263 163 
642 
714 72 
967 810 
404 
421 
229 
503 876 
411 
192 
1 
299 
186 
276 
961 322 
400 
407 563 
297 958 
94 157 
369 
953 547 
911 250 
847 910 
597 
284 
861 307 
127 
312 
512 270 
177 
792 
988 523 
998 
167 
258 
656 
621 
693 
577 703 
604 
713 
764 
665 902 
690 
220 
610 
646 
679 
819 
360 
473 
570 
875 
784 
932 884 
261 
534 447 
311 
836 
987 
56 
593 
303 
379 
854 
694 
722 
978 
844 
420 
240 
825 631 
493 
826 
100 
663 
907 
785 
412 
389 
531 
649 
39 
135 
944 
787 
357 
351 
877 
804 
122 
751 498 
935 
772 
652 
966 
843 
851 
684 2 
342 
362 
142 
822 
975 
687 
326 
886 
708 
672 
733 
378 
989 
870 
599 871 
640 
821 
641 
110 
293 
489 
952 882 
537 595 
738 
786 
562 651 
616 
75 
755 
184 
515 
959 
914 
448 
879 426 
274 
692 
267 
282 
345 943 
594 
278 
955 
551 
467 
194 
425 
674 444 
380 
429 
334 
506 
613 
727 
17 
21 
33 
845 
983 
354 
565 
734 
917 
976 
790 
842 
791 
486 
170 
938 
164 
780 
971 
948 
766 
748 
691 
317 
308 
16 
