750
995 
779 
23 
567 
596 
198 53 
784 
460 
35 
645 
652 
5 
105 97 
8 363 
406 
451 
745 
98 
956 152 
808 221 
509 
557 
681 523 
375 324 
769 306 
224 945 
150 104 
49 916 
327 999 
155 248 
758 257 
786 
858 427 
707 
131 190 
12 445 
438 54 
38 
101 558 
551 
817 399 
513 185 
591 
832 403 
272 
314 
90 
835 84 
660 884 
461 496 
339 207 
389 
816 700 
24 
125 
951 
570 
241 
266 476 
735 578 
410 586 
695 66 
22 
775 
441 
894 418 
129 564 
40 512 
169 750 
27 253 
343 180 
942 
504 
166 
71 398 
392 449 
153 432 
370 
404 
546 
80 783 
225 
393 
76 699 
127 
20 696 
414 587 
182 980 
770 82 
635 892 
118 630 
423 
756 
344 603 
157 175 
846 542 
939 
10 598 
622 940 
712 
431 
744 618 
982 910 
789 666 
481 295 
725 
726 117 
87 
228 
467 
134 69 
179 
364 
470 264 
227 466 
408 600 
623 
397 
950 
908 
151 898 
482 749 
936 
814 636 
138 788 
387 
332 
416 
124 548 
145 
768 
44 527 
899 
454 683 
697 824 
716 883 
204 310 
262 568 
475 64 
115 659 
529 752 
759 782 
658 
866 637 
251 
109 
820 
359 798 
813 902 
654 
197 
703 246 
962 
841 552 
572 86 
201 
724 
553 337 
853 608 
620 46 
88 904 
428 79 
566 927 
437 0 
62 
576 
3 
291 395 
889 
288 57 
219 
924 
500 
906 
48 
424 160 
468 
740 634 
821 
544 589 
286 
388 191 
103 
294 
517 985 
969 
108 417 
947 128 
355 55 
615 698 
617 974 
881 668 
922 
729 
116 269 
588 
350 510 
838 85 
896 
19 
114 61 
845 
492 214 
381 
848 
65 215 
45 
478 206 
216 
183 495 
771 
818 793 
203 
21 
133 968 
739 
200 487 
850 
275 
26 928 
490 673 
59 628 
502 
830 
594 
919 631 
100 
74 
368 484 
805 731 
300 
810 419 
63 
872 171 
372 95 
717 595 
78 
249 897 
755 
616 
971 
73 
743 
532 
149 
802 
102 685 
320 
409 633 
236 946 
413 901 
436 
973 223 
619 96 
81 
450 
281 
231 119 
341 580 
146 715 
688 
92 
250 237 
911 632 
488 
301 
459 601 
126 143 
887 
965 609 
385 684 
199 37 
312 
803 
485 
13 
606 
543 58 
629 
51 161 
176 
28 
1 
189 
373 773 
121 
469 280 
540 
195 168 
50 
479 
559 
477 
331 322 
336 498 
444 474 
285 545 
67 657 
120 
638 
937 464 
522 710 
254 
728 
732 
565 
147 503 
217 
47 868 
797 909 
663 
455 961 
233 
358 
550 
99 941 
93 753 
878 
829 
83 
774 599 
825 828 
648 
702 
348 
611 
977 218 
741 
765 676 
29 
243 384 
277 
361 
778 
340 
11 
511 871 
921 
837 365 
686 163 
706 
737 335 
494 562 
202 
252 535 
855 
255 
247 
196 
677 
268 
435 
165 981 
844 
31 271 
265 
270 607 
723 
627 
959 
9 
434 781 
187 
94 366 
581 857 
556 
923 
323 
15 952 
935 
259 918 
533 
742 
452 501 
584 
412 
18 338 
801 957 
796 534 
188 882 
612 662 
367 
873 762 
836 
443 979 
263 304 
36 689 
679 
819 
239 
458 577 
34 
536 
309 
644 
325 
30 353 
137 226 
401 172 
867 
520 
382 590 
530 
32 806 
170 
746 
158 123 
42 
276 
186 
113 
242 447 
415 585 
352 
760 2 
641 
992 
670 991 
912 763 
140 
664 996 
984 68 
528 934 
349 
856 238 
319 
376 390 
329 
972 
422 582 
930 960 
330 345 
313 
402 573 
988 711 
761 
998 
997 
290 949 
386 405 
111 
72 173 
967 834 
672 
234 653 
210 
508 
574 
807 
14 
229 
256 876 
283 
457 
463 
727 
613 
4 
880 
316 
91 643 
833 394 
692 
267 
148 
411 
289 958 
205 
77 
213 
480 
604 
713 
675 624 
515 
178 
795 903 
561 
70 
378 
499 
334 
506 
303 
840 547 
514 
222 
869 
181 
730 
736 
211 
905 
563 709 
975 
920 579 
525 665 
299 
52 524 
383 571 
273 879 
787 
311 
473 
360 
342 
39 
159 
141 
994 
862 720 
209 
777 
812 
429 
7 
614 
244 407 
705 297 
885 915 
347 
893 
626 
144 990 
374 
377 
346 
555 
60 
75 
89 
446 
106 
41 
605 
964 
849 
162 6 
888 
240 
112 
456 
156 371 
442 
610 
646 
549 
583 891 
874 
669 
865 
235 
519 
497 
230 
471 307 
790 
142 
493 
826 
33 
130 465 
139 
321 953 
721 426 
811 
43 
122 
661 800 
16 
135 
208 
852 
136 
315 
650 
25 
602 
296 
328 
671 
776 
655 
860 
396 
448 
682 
516 
167 
799 
453 
843 
483 
154 
701 751 
333 
430 
507 
232 
531 
687 
379 
851 
518 929 
440 
719 
279 
704 
174 
861 932 
722 
978 
260 
767 
489 
110 
293 
472 
302 
505 
815 
925 
526 
554 
369 
486 
317 
318 651 
521 847 
625 943 
539 
708 
886 
794 714 
913 
400 
305 
56 
391 
177 
560 
667 
575 
970 
193 
287 
164 
757 
326 
791 
220 
690 
987 
292 
621 
656 
678 
747 
718 
538 
640 
647 
639 
986 
421 
439 
772 
859 
792 
362 
425 
194 
462 
963 
298 
754 
926 
694 
107 
258 
351 
491 
284 
993 537 
863 
917 
642 
680 
245 
380 
809 
433 
192 
890 
966 
983 
541 
184 
569 
895 
420 
274 
944 
954 
592 
842 
877 
17 
864 
827 
804 
900 
907 
785 
870 
989 
831 
766 
597 
738 
261 
593 
278 
649 
734 
933 
356 
132 
931 
354 
875 
691 
839 
823 
948 
693 
212 
822 
733 
976 
955 
780 
938 
914 
854 
764 
357 
748 
308 
282 
