750
995 894 
64 861 
626 
892 847 
16 
54 837 
324 814 
496 797 
417 796 
399 795 
678 
747 
999 744 
205 
989 
427 721 
276 
42 
104 661 
122 
43 
253 619 
221 615 
945 581 
14 
568 553 
316 
17 
79 543 
558 521 
506 
334 
586 511 
603 471 
515 
152 470 
192 
642 
578 469 
121 
220 
600 409 
493 
859 
403 408 
780 
363 392 
477 
210 
185 372 
449 344 
980 341 
556 
268 
420 
575 
548 339 
512 289 
843 
750 263 
180 262 
398 249 
56 
466 242 
308 
730 
649 
734 
237 204 
194 
97 183 
694 
722 
564 169 
974 162 
749 118 
291 114 
66 108 
898 94 
784 
53 91 
691 
317 
357 
175 88 
589 51 
176 
979 27 
598 20 
445 15 
112 
74 
639 
86 8 
295 993 
542 991 
592 
161 982 
699 960 
971 
902 929 
630 885 
893 
170 
940 873 
224 856 
484 846 
985 840 
141 
587 817 
698 813 
700 751 
333 
602 
505 
673 740 
117 735 
164 
214 714 
538 
647 
782 686 
135 
323 
959 
569 
895 
928 670 
762 665 
829 
916 620 
884 617 
293 
110 
938 
489 
767 
941 524 
84 522 
646 
766 
631 513 
591 
351 
107 
448 
914 
487 481 
789 475 
807 
696 461 
207 458 
658 
634 447 
397 
235 
519 
720 438 
379 
854 
82 415 
325 
635 413 
738 
264 402 
190 401 
637 386 
948 
823 
69 256 
764 
741 
611 
282 
683 243 
340 
778 
332 
523 200 
476 195 
848 
230 
306 155 
758 153 
239 
215 150 
337 105 
248 101 
33 
826 
901 67 
946 44 
131 31 
206 26 
395 10 
883 988 
498 977 
869 
222 
514 
441 
418 956 
258 
158 932 
660 912 
326 
904 881 
680 
209 
966 
136 
909 858 
692 
552 832 
772 
961 808 
77 
806 800 
527 770 
676 765 
342 
432 726 
378 
685 716 
783 703 
621 
520 
374 
655 
752 701 
659 674 
68 544 
574 
431 
618 537 
955 
668 494 
968 482 
897 455 
657 454 
824 452 
742 
793 444 
132 
119 424 
828 422 
425 
798 410 
785 
186 
908 
310 394 
246 383 
976 
531 
787 
191 376 
733 
667 
608 368 
46 327 
354 
335 318 
55 307 
791 
636 304 
788 270 
271 236 
412 
384 231 
535 138 
682 
486 
632 137 
851 
759 133 
868 130 
849 
473 
819 
343 99 
7 
356 
933 
177 
298 
45 
731 72 
773 52 
419 49 
100 
919 984 
827 
75 
910 953 
911 947 
439 
702 
303 
257 937 
346 
377 
781 915 
453 
240 
174 
280 903 
710 891 
918 872 
63 
529 862 
809 
672 
184 
565 
666 853 
850 
652 
983 
312 
37 841 
981 835 
579 833 
57 825 
713 
822 
269 801 
510 794 
464 760 
816 705 
24 
540 
842 
790 
690 
545 697 
990 675 
607 662 
234 653 
925 
717 643 
274 
0 625 
62 
213 
143 612 
997 
1 
934 583 
874 
917 
59 572 
727 
633 571 
328 
593 
223 562 
283 
580 525 
517 518 
315 
128 490 
446 
406 
193 
85 443 
975 
709 414 
748 
526 
212 
624 407 
967 388 
440 
719 
769 371 
29 
882 345 
930 330 
927 321 
428 297 
628 285 
58 259 
935 
875 
71 188 
2 182 
172 157 
605 
385 156 
421 
238 147 
536 
309 
724 
577 144 
604 
871 134 
601 129 
711 115 
380 
233 
358 
218 93 
491 
319 
656 
693 
863 
255 
776 
173 80 
198 40 
596 
171 32 
168 30 
338 12 
65 973 
436 
102 952 
272 
609 943 
684 920 
116 879 
812 
288 866 
852 
95 857 
839 
178 
279 
599 805 
640 
821 
921 
560 
163 763 
140 
664 737 
590 695 
811 
669 
865 
359 689 
876 681 
585 622 
815 
355 573 
483 
229 
958 566 
957 547 
73 
931 
375 534 
227 528 
492 474 
502 
261 
311 
838 459 
715 437 
688 
478 434 
597 
322 426 
36 405 
366 382 
331 373 
189 
124 365 
570 
951 
76 350 
225 
393 
922 
61 336 
774 290 
111 
25 
390 273 
708 
886 
353 252 
435 
232 
400 
563 244 
614 
203 
818 199 
996 165 
610 
442 
266 151 
834 146 
743 
6 18 
888 
753 965 
465 949 
754 
460 
267 
687 
870 
663 
251 
582 810 
126 651 
60 
786 
39 
352 
430 
142 
250 595 
978 
160 503 
495 501 
584 
278 
299 
804 
123 226 
47 96 
516 
396 
361 
650 
906 
500 
284 
391 
159 
369 
878 
970 
3 
831 
245 
148 
554 
987 
533 
120 
845 
712 
594 
830 
707 
462 
81 
450 
228 
820 
677 
736 
41 
718 
896 
936 
347 
98 
944 
671 
247 
305 
613 
167 
998 
641 
992 
627 
907 
644 
9 
509 
648 
362 
986 
530 
4 
880 
499 
532 
844 
905 
463 
457 
803 
451 
48 
964 
106 
926 
166 
504 
942 
541 
11 
70 
265 
35 
549 
654 
275 
34 
433 
900 
456 
704 
90 
616 
755 
768 
145 
281 
292 
103 
286 
78 
629 
887 
559 
302 
507 
389 
423 
756 
899 
313 
364 
855 
202 
468 
860 
21 
296 
479 
50 
963 
348 
551 
208 
38 
211 
287 
606 
13 
485 
745 
757 
777 
349 
923 
889 
950 
23 
370 
404 
729 
746 
913 
320 
19 
139 
467 
360 
411 
5 
939 
539 
508 
775 
22 
555 
89 
300 
864 
739 
277 
254 
181 
546 
149 
802 
679 
92 
260 
877 
799 
557 
561 
87 
381 
623 
706 
638 
216 
367 
792 
387 
125 
550 
429 
187 
994 
301 
488 
924 
196 
645 
588 
201 
576 
217 
127 
972 
329 
241 
28 
480 
109 
197 
867 
779 
567 
761 
83 
728 
732 
472 
725 
969 
294 
179 
836 
962 
154 
890 
771 
723 
497 
113 
416 
314 
954 
219 
